rotation:
  w: -0.000493188717799647
  x: 0.0050742450902671234
  y: -0.9999767422262543
  z: -0.004530320984520172
translation:
  x: 132.84759916560705
  y: -469.45153899577565
  z: 663.5703349524068
